<?xml version="1.0"?>
<opencv_storage>
<b4save_b4load_entity_props type_id="opencv-matrix">
  <rows>30</rows>
  <cols>1</cols>
  <dt>d</dt>
  <data>
    127. 128. 127. 128. 127. 128. 127. 128. 127. 128. 127. 128. 127.
    128. 127. 128. 127. 128. 127. 128. 127. 128. 127. 128. 127. 128.
    127. 128. 127. 128.</data></b4save_b4load_entity_props>
</opencv_storage>
