<?xml version="1.0"?>
<opencv_storage>
<b4save_entity_props_pitch2 type_id="opencv-matrix">
  <rows>30</rows>
  <cols>1</cols>
  <dt>d</dt>
  <data>
    4. 8. 26. 12. 100. 17. 0. 255. 31. 255. 255. 166. 255. 185. 255.
    204. 0. 255. 115. 255. 255. 200. 255. 89. 255. 155. 113. 13. 113.
    17.</data></b4save_entity_props_pitch2>
</opencv_storage>
