<?xml version="1.0"?>
<opencv_storage>
<b4save_entity_props type_id="opencv-matrix">
  <rows>30</rows>
  <cols>1</cols>
  <dt>d</dt>
  <data>
    4. 8. 26. 14. 100. 20. 51. 65. 31. 6. 255. 100. 255. 100. 255. 170.
    167. 132. 115. 125. 255. 154. 255. 99. 255. 155. 87. 39. 143. 128.</data></b4save_entity_props>
</opencv_storage>
