<?xml version="1.0"?>
<opencv_storage>
<entity_props type_id="opencv-matrix">
  <rows>30</rows>
  <cols>1</cols>
  <dt>d</dt>
  <data>
    3. 5. 20. 11. 83. 39. 51. 65. 31. 6. 173. 122. 214. 41. 59. 59. 167.
    132. 115. 125. 190. 96. 211. 71. 118. 58. 87. 39. 143. 128.</data></entity_props>
</opencv_storage>
