<?xml version="1.0"?>
<opencv_storage>
<entity_props_pitch1 type_id="opencv-matrix">
  <rows>30</rows>
  <cols>1</cols>
  <dt>d</dt>
  <data>
    3. 7. 23. 12. 103. 19. 51. 255. 45. 255. 213. 94. 142. 172. 160.
    125. 167. 255. 115. 255. 190. 106. 195. 60. 148. 121. 129. 18. 139.
    20.</data></entity_props_pitch1>
</opencv_storage>
