<?xml version="1.0"?>
<opencv_storage>
<Intrinsics type_id="opencv-matrix">
  <rows>3</rows>
  <cols>3</cols>
  <dt>f</dt>
  <data>
    642.22625732 0. 510.64257812 0. 703.21917725 119.48114014 0. 0. 1.</data></Intrinsics>
</opencv_storage>
