%YAML:1.0
pitch_xml: !!opencv-matrix
   rows: 2
   cols: 6
   dt: d
   data: [ 3.2603403473190518e+01, 1.5801546004382232e+02,
       1.1364862014015898e+02, 29., 37., 58., 3.2589188381652569e+01,
       1.5827715354109699e+02, 1.1362087354906470e+02, 29., 37., 58. ]
