<?xml version="1.0"?>
<opencv_storage>
<pitch type_id="opencv-matrix">
  <rows>11</rows>
  <cols>6</cols>
  <dt>d</dt>
  <data>
    3.2603403473190518e+01 1.5801546004382232e+02 1.1364862014015898e+02
    29. 37. 58. 3.2589188381652569e+01 1.5827715354109699e+02
    1.1362087354906470e+02 29. 37. 58. 3.2787765061659087e+01
    1.5353812270249713e+02 1.1701747913007260e+02 30. 47. 65.
    3.2556212990963907e+01 1.5597230320699708e+02 1.1422377904134146e+02
    29. 37. 61. 3.2410472085906235e+01 1.5751676837549570e+02
    1.1343470564800897e+02 29. 35. 62. 3.2580310740090177e+01
    1.5743229270412689e+02 1.1414596273291924e+02 29. 35. 65.
    3.3638968364630678e+01 1.5303138637886386e+02 1.1588954783333031e+02
    26. 37. 97. 3.3474317766148161e+01 1.5368213425565435e+02
    1.1481294478749795e+02 30. 37. 97. 3.3350650996867245e+01
    1.5404976187458124e+02 1.1450006790648823e+02 30. 37. 120.
    2.0510140702243628e+01 8.7606002028140438e+01 7.4109822899878665e+01
    30. 38. 109. 8.1850859243431173e-01 3.6728808648570341e+00
    3.3962253046737771e+00 30. 38. 98.</data></pitch>
</opencv_storage>
